DataType:	Avg Net MFI																																																	
Sample ID	PSMalpha2	PSMalpha3	psmalpah4	BSA	Betatoxin	hIgA	LDL	SEB	S.Pyogenese arcA	LukE	Pn PS12	LukD	Pn PS23	HLA-1	SpA domD5-WT	Glom.extract	SpA domD5FcNull	SEN	hIgG	SEU	HLA	SEI	LukAB(Lab)	SEM	LukAB(cc30)	surface protein ext	SEB	cytoplasmic ext	Hemolysin gamma A	Pn CWPS	Hemolysin gamma B	ABA	Hemolysin gamma C	PC-12	LukS-PV	SEO	SP	SEG	PLY	HSA	Exoprotein ext	Rabbit IgG	LukF-PV	PSM 4variant	PC4	PNAG	PC16	HLA -2	Tetanus Toxoid	
10732 V1 100	1282	1581	1500.5	99.5	11446	10105.5	1400.5	10950.5	1119.5	23738	3542	18506.75	1970	20486.5	9748	960.25	16648.5	2033.5	19408	5236.75	6682.25	3789	20116	1963.5	20841.75	12121.5	18888.25	3097.25	19714.25	16103.5	18952.5	3767	24691.25	2685.5	26155.5	3220.5	1231.5	4264.5	12813	373.25	7133	5010	15795.5	1516	182	1161	580.75	19985	16856.5	
10732 V1 1000	642.25	985.75	601	56	3344.75	1753.25	748.75	3357.25	727	11651.5	1367.25	10180.25	697.75	11742	15559.5	519.5	23952.75	676.75	18151.25	2225.5	2716	915.5	22153.5	612.25	19485.5	4946.5	5791.5	1461.5	6998.25	7348.25	10554	1942.25	18809.5	2334.5	18552.5	769.25	594	627.75	6867.5	191.25	3331.5	5021.5	5696.75	622.5	53.5	557.5	280.5	11660	5747.75	
10732 V1 10000	271	323.5	217	32.5	1160	448	216	634	228.5	1893	441	2121	180	2558	21695.5	889.75	19331.5	208.5	16560.5	648.5	524	195	12706	170	7727	1022	1077	456	1404	1832.5	2933	788	6064.5	719.5	5629	184	172	142	1470.5	76	872.5	4449	1180.5	209	63.75	175.5	72.75	2682	910	
10732 V1 100000	132.5	146	113.5	23.5	508	255	80	165.5	90.5	397	172	496	74	634	25295	989	10693.5	88	16181	247	158.5	66	5163	78.5	2100	3485	266	155	476	593.5	962	277	1699	251	1727	68	78.5	68	411	38	275	4217	327	111.5	20	87	40	709	245	
10732 V2 100	1159.5	1440.75	1401.25	93.75	12377.5	9995.75	1398	10720	1080	22739.5	3316	21092.25	2107.25	19754.5	9364.25	933	15222	2063.5	19558	5188	6170.75	3427.5	19064.5	2047.25	19431.5	11714	18265.5	2934.25	20334.75	15877	20484.5	3619.5	23454	2361.75	26694	3355.25	1110.75	4405.25	12080.75	346.5	6746	4927.75	20002.75	1499.5	150.75	1122.25	505	19499.5	16762.75	
10732 V2 1000	731	1131.75	812.25	59	4949.5	3001.75	980.5	4773.75	834	15884.5	1827	16117	930.5	15095	12841	661	20246.5	948	17938.75	2772	4161	1340	22970.5	811.5	19920.75	6658.25	7961.5	1759.5	10781	9342.5	15561.5	2498.25	23253.5	2860	24324.5	1091	723	864	8696.25	226	4725.5	4157.75	17637.5	762.75	57.5	738.5	385	13612.75	8305.75	
10732 V2 10000	364.75	492.5	322.5	30	1502.75	570.25	315.25	1055.25	376.5	3611	636	5896.5	291.25	4340.25	21600.5	268.75	22845.25	316.75	17302	981.75	1090.5	285.75	15722.75	252.5	10945.25	1699.5	1754	645.25	2205	3004.5	8719.25	1094.5	12576	1133	12242	292.5	266.5	228.5	2414.25	93.75	1432.5	4852	8773.25	285	48.25	246.25	98.5	4803	1469.75	
10732 V2 100000	136.5	158.75	111.75	19.75	508.25	247	77.5	174.5	97	482.75	189	1032.5	77	707.75	25317	126.25	11366	80	15948.5	244.75	179	58.5	5681.5	59.5	2333.5	307.25	287.5	138.75	480.75	586	2087.5	288.5	2866.25	288.25	2899	66.5	79	67.5	447.5	32.25	290.5	4213.75	1747.75	110	19.5	86.5	31	772.75	271.5	
